252,97
252,96
252,95
350,3
261,3
268,260
0,348
266,30
266,29
268,259
266,28
266,27
0,554
250,75
254,24
262,8
0,385
0,553
0,347
270,5
0,540
252,112
252,109
252,108
258,83
268,130
247,125
247,126
248,14
248,13
268,41
247,95
0,425
268,189
268,188
354,55
268,236
268,76
354,44
252,4
251,33
251,32
251,31
251,30
251,64
251,38
251,28
251,26
251,25
251,24
251,22
251,21
251,20
251,18
251,16
250,21
250,4
268,40
268,153
271,2
270,2
0,424
248,4
248,16
248,15
266,26
266,25
268,185
270,8
268,235
247,118
268,187
258,82
258,6
268,190
268,258
331,6
270,4
259,7
308,3
310,11
310,10
299,5
266,24
266,23
268,184
354,46
354,54
268,234
354,33
247,4
247,157
247,156
247,154
247,152
247,151
247,149
258,15
247,23
268,42
0,391
268,257
266,22
266,21
266,20
266,19
268,186
268,233
0,300
0,299
0,298
266,18
266,17
0,414
0,419
354,75
264,8
247,80
247,180
247,164
247,163
247,162
247,161
247,160
247,159
247,158
340,4
253,72
253,68
253,13
251,9
253,16
268,183
0,412
247,79
250,12
2,18
268,232
0,560
0,411
321,4
0,556
0,418
266,16
266,15
0,334
268,231
268,256
268,175
0,297
0,296
0,295
0,294
0,293
0,292
0,291
0,290
0,289
0,288
0,287
0,286
0,285
0,284
0,283
0,282
0,281
0,280
0,279
0,278
0,277
0,276
0,275
247,101
247,99
247,94
268,45
258,7
258,38
255,2
266,4
266,14
266,1
266,13
266,2
266,0
266,3
265,2
265,5
265,4
0,407
265,3
255,3
0,396
0,403
0,332
264,2
0,331
250,66
250,26
250,10
250,16
250,17
250,74
251,40
251,4
0,564
0,563
268,29
268,156
268,230
268,229
268,228
268,227
0,329
268,162
268,161
268,160
268,159
268,158
268,192
268,157
258,86
0,550
268,91
268,2
0,330
0,559
354,23
247,121
247,115
247,112
247,110
248,0
256,5
256,2
247,70
247,69
247,191
247,188
247,187
247,186
247,185
247,181
354,53
0,327
354,51
247,117
247,116
0,323
268,205
354,41
248,8
248,6
0,321
268,77
250,3
247,119
251,13
250,18
268,43
0,555
268,154
354,47
354,72
0,575
0,574
247,145
247,190
247,73
253,127
258,88
268,155
268,195
257,2
0,401
354,28
354,4
354,22
354,35
354,43
354,8
0,573
256,4
354,40
0,569
354,5
354,42
268,178
251,36
268,174
268,92
268,78
252,88
252,122
252,111
252,104
252,103
355,19
355,21
355,20
355,2
259,6
259,8
259,3
259,4
355,9
261,4
253,78
253,23
271,4
253,19
253,29
332,4
330,4
331,5
253,18
253,22
310,6
309,5
294,4
292,4
293,5
291,5
253,24
252,117
251,17
252,6
0,395
252,3
251,37
268,31
258,72
252,64
252,125
252,124
252,123
252,121
252,120
258,12
258,37
258,4
247,174
258,91
258,93
258,94
268,176
258,92
258,19
258,13
258,20
258,14
268,73
268,48
0,392
258,74
258,3
0,542
356,14
356,13
356,28
268,126
0,390
354,84
354,0
268,71
247,183
268,70
356,25
356,24
0,541
268,9
268,82
268,150
254,22
254,14
254,12
254,10
254,9
254,7
254,6
253,35
253,34
253,15
247,107
253,75
253,69
264,9
252,74
247,182
252,66
0,389
252,132
252,94
252,89
252,82
252,81
252,80
252,119
252,118
252,116
252,115
252,113
252,106
285,2
368,2
0,570
367,2
322,3
364,2
298,3
363,2
368,6
368,4
368,5
368,3
359,2
367,6
367,5
367,4
364,6
364,4
364,5
364,3
363,6
363,5
363,4
303,2
360,6
360,4
301,2
360,5
302,5
301,5
299,6
299,4
0,438
268,18
268,134
268,226
0,388
268,225
0,567
258,25
259,10
259,5
355,10
300,4
301,3
258,39
355,11
256,3
258,22
254,3
264,5
264,4
262,5
262,3
367,3
363,3
348,3
302,3
300,3
299,3
252,72
252,71
0,565
252,170
252,169
252,168
252,167
252,158
252,157
252,156
252,155
252,154
252,153
252,152
252,151
252,150
252,149
252,148
252,147
252,142
252,141
252,140
252,139
252,138
252,137
252,136
252,128
252,127
252,126
0,512
0,561
0,558
247,106
0,557
268,224
268,203
268,202
0,552
247,120
0,551
253,88
253,87
390,6
390,5
390,4
390,3
390,2
390,1
390,0
389,6
389,5
389,4
389,3
389,2
389,1
389,0
2,21
354,71
318,4
0,549
250,72
250,0
0,387
0,568
0,548
0,537
0,547
0,524
247,169
247,168
247,167
247,166
247,165
247,179
247,178
247,177
247,176
247,2
253,86
253,81
253,80
388,6
388,5
388,4
388,3
388,2
388,1
388,0
2,24
2,19
387,6
387,5
387,4
387,3
387,2
0,399
0,370
0,343
387,1
387,0
251,5
0,384
258,36
0,333
0,544
0,379
268,51
268,50
0,515
268,204
268,194
0,543
0,525
0,378
268,127
268,81
254,21
268,128
354,26
354,7
354,70
268,223
268,148
268,80
247,97
247,96
247,105
264,3
253,76
252,107
258,18
268,137
353,98
353,97
353,96
353,95
353,94
353,93
353,92
353,91
353,90
353,89
353,88
353,87
353,86
353,85
353,84
353,83
353,82
353,81
353,80
353,79
353,78
353,77
353,76
248,18
248,12
248,2
0,383
268,4
0,377
268,152
247,87
247,86
247,85
247,84
247,77
247,76
247,75
247,74
247,142
0,361
356,12
356,27
356,4
356,26
0,431
270,3
0,376
354,69
354,52
0,539
354,6
355,5
355,4
0,368
268,75
268,72
268,147
268,74
0,519
354,83
354,65
354,82
354,2
252,100
252,93
252,92
252,91
252,90
322,4
247,148
247,147
0,538
252,68
252,77
252,76
0,441
247,141
247,140
252,2
252,78
252,110
0,373
0,440
0,372
250,71
250,7
250,8
250,9
250,6
252,79
252,65
247,129
247,128
248,11
248,9
251,29
253,90
0,429
0,437
0,531
0,530
2,12
0,517
2,17
0,369
254,2
286,7
286,3
268,38
268,199
268,123
268,140
268,196
268,191
268,124
268,200
268,122
268,120
268,119
268,117
268,115
268,114
268,112
268,111
268,109
268,107
268,222
0,536
268,151
0,535
253,83
354,81
268,221
268,0
0,328
354,1
354,45
264,1
264,0
354,36
340,3
340,5
247,82
338,3
354,13
0,534
0,325
0,444
270,7
0,357
254,4
254,1
254,0
268,220
0,526
0,518
248,1
354,32
354,50
0,532
268,219
252,5
252,135
0,523
354,11
0,529
247,144
355,7
355,6
268,201
0,362
247,114
248,7
247,103
268,218
0,432
0,345
253,79
253,91
253,70
2,7
386,6
386,5
386,4
386,3
386,2
386,1
386,0
385,6
385,5
385,4
385,3
385,2
385,1
385,0
0,340
247,64
354,15
0,528
354,80
0,359
247,155
247,153
247,150
339,3
339,5
0,443
253,71
254,11
254,8
254,13
254,5
253,32
0,527
268,121
268,118
268,116
268,113
268,110
268,108
356,3
268,5
270,6
263,3
0,522
353,3
0,442
0,355
250,67
247,91
247,90
0,353
247,9
253,82
251,41
0,415
0,514
253,65
384,6
384,5
384,4
384,3
384,2
384,1
384,0
2,13
0,521
383,6
383,5
383,4
383,3
383,2
0,2
0,397
383,1
383,0
268,217
0,513
258,8
262,6
262,4
262,2
0,520
251,65
354,48
354,67
354,66
354,30
354,37
0,447
258,16
251,6
354,34
354,31
354,29
0,416
0,243
250,2
252,1
252,0
253,67
253,20
251,66
253,27
253,26
268,79
247,139
0,516
354,3
268,46
268,216
253,64
0,352
382,6
382,5
382,4
382,3
382,2
382,1
382,0
0,386
381,6
381,5
381,4
381,3
381,2
381,1
381,0
0,350
0,365
0,342
0,4
0,310
251,10
0,274
0,273
0,272
0,271
0,270
0,269
0,268
0,267
0,266
0,265
0,264
0,263
0,262
0,261
0,260
0,259
0,258
0,257
0,256
0,255
0,254
0,253
0,252
0,251
0,250
0,249
0,248
0,247
0,246
0,245
0,244
0,242
0,241
0,240
0,239
0,238
0,237
0,236
0,235
0,234
0,233
0,232
0,231
0,230
0,229
0,228
0,227
0,226
0,225
0,224
0,223
0,222
0,221
0,219
0,218
0,217
0,216
0,215
0,214
0,213
0,212
0,211
0,210
0,209
2,6
0,349
247,143
257,5
257,4
257,3
268,69
0,446
354,27
0,445
0,404
1,3
247,111
247,109
247,100
268,215
250,1
250,73
247,89
251,12
0,208
0,207
0,206
0,205
0,204
0,203
0,202
0,201
0,200
0,199
0,198
0,197
0,196
0,195
0,194
0,193
0,192
0,63
0,62
0,61
0,60
0,59
0,58
0,57
0,56
0,55
0,54
0,53
0,52
0,51
0,50
0,49
0,48
0,47
0,46
0,45
0,6
250,15
247,1
251,3
249,3
0,220
253,74
0,381
380,6
380,5
380,4
380,3
380,2
380,1
380,0
2,1
2,9
2,2
2,0
0,400
0,304
0,303
379,6
379,5
379,4
379,3
379,2
0,398
0,12
0,307
0,308
0,10
0,9
0,363
0,8
379,1
379,0
0,7
251,14
268,145
354,79
354,78
354,77
268,214
0,366
268,213
268,133
354,76
268,212
0,346
247,5
247,146
268,198
356,18
0,408
0,394
249,2
253,84
253,8
253,36
253,12
253,73
253,66
253,25
253,17
248,5
248,3
324,2
323,2
321,2
320,2
318,2
2,14
324,6
324,5
324,4
324,3
323,5
323,4
323,3
321,5
321,3
320,7
320,6
320,5
320,4
320,3
319,2
319,5
319,4
318,6
318,5
0,344
318,3
355,3
0,341
251,67
247,3
268,211
253,3
0,339
354,10
354,127
354,64
0,338
268,197
268,193
268,129
247,68
0,439
268,1
268,210
0,337
268,181
251,68
258,27
268,3
0,436
247,65
0,336
247,14
247,31
251,15
0,335
0,435
268,49
0,434
354,17
354,16
268,146
319,3
320,9
320,8
323,6
258,67
258,26
0,433
355,22
259,11
259,9
329,5
0,309
0,317
258,80
258,9
0,315
258,34
258,28
0,313
0,322
258,100
258,89
258,90
258,81
258,30
258,95
258,2
258,5
253,14
0,0
268,17
268,30
268,16
268,10
251,34
251,27
251,23
251,19
2,8
2,4
0,318
2,3
280,8
280,7
280,2
0,430
251,69
251,2
251,0
0,428
0,427
258,69
250,20
268,141
354,24
268,142
268,144
268,143
247,135
264,7
316,4
316,3
253,2
253,0
0,316
252,67
0,572
268,132
356,1
356,2
356,0
356,5
247,189
0,320
354,12
354,19
355,12
354,38
0,426
268,138
268,179
268,180
355,18
355,17
355,16
355,15
355,14
355,13
354,18
354,14
354,25
247,127
0,319
253,28
247,20
0,314
252,87
252,86
252,85
252,84
248,10
268,139
0,546
354,20
354,49
247,67
247,66
247,108
247,104
0,566
262,7
0,562
0,545
0,311
280,6
280,5
280,4
280,9
280,3
0,410
0,306
360,3
359,6
359,5
359,3
359,4
271,3
247,11
247,37
250,14
250,70
251,11
322,2
286,2
285,6
285,5
285,4
285,3
275,3
0,533
0,301
304,2
302,2
304,6
304,4
304,5
304,3
303,6
303,5
303,4
2,15
299,2
301,12
301,11
301,10
301,9
301,8
301,7
301,6
2,20
301,4
300,2
300,6
300,5
268,44
268,131
268,177
268,149
286,8
286,5
286,4
286,6
247,124
247,123
354,9
354,39
0,571
247,122
0,423
0,422
344,3
346,3
303,3
302,4
247,138
247,137
0,421
268,22
268,13
0,420
247,0
268,209
378,5
378,4
378,3
378,2
378,1
378,0
377,5
377,4
377,3
377,2
377,1
377,0
354,74
0,417
268,208
253,1
376,5
376,4
376,3
376,2
376,1
376,0
375,5
375,4
375,3
375,2
375,1
375,0
268,207
268,182
0,413
374,5
374,4
374,3
374,2
374,1
374,0
373,5
373,4
373,3
373,2
373,1
373,0
247,175
247,136
0,406
0,405
354,73
372,5
372,4
372,3
372,2
372,1
372,0
371,5
371,4
0,364
371,3
371,2
371,1
371,0
268,206
0,402
247,102
247,98
2,11
370,5
370,4
370,3
370,2
370,1
370,0
2,22
369,5
369,4
369,3
369,2
0,11
369,1
369,0
2,10
258,65
355,8
0,393
354,21
268,95
268,24
247,113
268,125
355,30
355,29
355,28
355,27
355,26
355,25
355,24
355,23
258,79
258,77
258,84
258,11
258,75
258,87
258,78
258,70
258,97
258,68
258,24
258,98
258,73
258,71
258,99
258,10
258,66
258,33
258,35
258,64
258,31
258,29
258,96
258,21
258,17
268,28
268,27
268,26
268,25
268,97
268,96
268,21
268,20
268,19
268,15
268,14
268,12
268,11
353,1
258,85
258,32
252,114
0,382
368,1
368,0
367,1
367,0
0,312
0,375
0,371
366,6
366,5
366,4
366,3
366,2
366,1
366,0
365,6
365,5
365,4
365,3
365,2
365,1
365,0
0,367
364,1
364,0
363,1
363,0
0,351
251,7
251,42
251,39
0,360
0,358
0,356
251,1
0,354
362,6
362,5
362,4
362,3
362,2
362,1
362,0
2,16
361,6
361,5
361,4
361,3
361,2
361,1
361,0
268,136
0,380
356,23
356,22
356,21
0,374
295,3
293,3
294,3
292,3
291,3
354,68
258,76
356,20
356,19
268,135
266,12
266,11
266,10
266,9
252,83
360,2
360,1
360,0
359,1
359,0
358,6
358,5
358,4
358,3
358,2
358,1
358,0
357,6
357,5
357,4
357,3
357,2
357,1
357,0
280,1
266,8
266,7
266,6
266,5
0,326
0,324
268,173
268,172
268,171
268,170
268,169
268,168
268,167
268,166
268,165
268,164
268,163
356,17
356,16
356,15
340,2
340,6
349,6
349,5
349,4
349,3
348,6
348,5
348,4
356,9
356,8
296,2
295,2
294,2
293,2
291,6
291,4
291,2
296,6
296,4
296,5
296,3
295,6
295,5
295,4
293,7
293,6
292,5
293,4
356,11
356,10
355,0
356,7
356,6
1,1
355,1
257,1
0,305
0,302
4,1
249,1
250,22
250,23
250,25
250,27
250,28
250,30
250,31
250,33
250,35
250,64
250,69
252,70
252,73
252,75
255,0
256,0
256,1
257,0
258,1
259,0
259,1
260,0
260,2
260,3
260,5
261,1
261,2
262,0
263,1
263,2
263,4
263,6
265,1
268,6
268,7
268,23
268,33
268,34
268,36
268,37
268,64
268,66
268,67
268,84
268,85
268,87
268,88
268,90
268,93
268,98
268,100
268,101
268,103
268,104
268,106
270,0
271,1
275,1
275,2
276,0
276,1
276,3
276,4
277,1
277,3
280,0
285,1
286,0
291,1
292,0
292,2
293,0
294,0
295,0
296,1
298,0
298,2
299,1
300,0
301,0
301,1
302,1
303,0
303,1
304,1
308,0
308,2
308,5
308,6
309,1
309,2
309,4
310,0
310,1
310,3
310,4
310,8
310,9
311,0
311,2
311,3
311,5
316,0
316,1
318,1
319,0
320,1
321,0
322,1
323,0
324,0
324,1
329,1
329,2
329,4
330,1
330,2
331,0
331,1
331,3
331,4
332,0
332,1
332,3
338,0
338,2
339,0
339,1
339,4
340,0
344,1
344,4
344,6
345,0
345,2
345,3
345,5
346,0
346,1
346,4
347,0
347,2
347,3
347,5
348,0
348,2
349,0
349,1
350,1
350,2
350,4
350,5
353,0
353,5
353,4
353,2
350,6
350,0
349,2
348,1
347,4
347,1
346,5
346,2
345,6
345,4
345,1
344,5
344,2
344,0
340,1
339,2
338,4
338,1
332,5
332,2
331,7
331,2
330,5
330,3
330,0
329,3
329,0
323,1
322,0
321,1
320,0
319,1
318,0
316,2
311,6
311,4
311,1
310,7
310,5
310,2
309,3
309,0
308,4
308,1
304,0
302,0
300,1
299,0
298,1
296,0
295,1
294,1
293,1
292,1
291,0
286,1
285,0
277,2
277,0
276,2
275,0
271,0
270,1
268,105
268,102
268,99
268,94
268,89
268,86
268,83
268,68
268,65
268,35
268,32
268,8
265,0
263,5
263,0
262,1
261,0
260,4
260,1
259,2
258,0
255,1
252,69
250,68
250,65
250,34
250,32
250,29
250,24
249,0
4,3
0,5
0,1
0,3
